
S0 extra                                   S1  minutes          hours          day         week    month      year             p m
00 0102030405060708091011121314 1516171819 20 2122232425262728 29303132333435 363738394041 424344 4546474849 5051525354555657 58 59
 0  0 0 1 0 1 1 0 1 0 0 1 1 1 1  0 0 0 1 0  1  1 0 0 1 0 0 0 0  0 0 0 1 1 0 0  0 0 1 0 0 0  0 1 1  1 0 0 0 0  0 0 1 0 1 0 0 0  0 M
 0  0 0 0 1 0 1 0 0 1 1 1 1 0 0  0 0 0 1 0  1  0 0 0 0 1 0 0 1  0 0 0 1 1 0 0  0 0 1 0 0 0  0 1 1  1 0 0 0 0  0 0 1 0 1 0 0 0  0 M
 0  0 1 0 0 0 1 1 0 0 1 1 0 1 1  0 0 0 1 0  1  1 0 0 0 1 0 0 0  0 0 0 1 1 0 0  0 0 1 0 0 0  0 0 1  1 0 0 0 0  0 0 1 0 1 0 0 0  0 M
 0  1 1 1 1 0 1 1 1 1 0 1 0 0 0  0 0 0 1 0  1  1 1 1 0 0 1 0 0  0 0 0 1 1 0 0  0 0 1 0 0 0  0 1 1  1 0 0 0 0  0 0 1 0 1 0 0 0  0 M
 0  0 1 1 0 0 0 0 0 1 0 1 0 0 1  0 0 0 1 0  1  1 0 0 0 1 1 0 1  0 0 0 1 1 0 0  0 0 1 0 0 0  0 1 1  1 0 0 0 0  0 0 1 0 1 0 0 0  0 M
 
 0,01,01|0,01,02|1,01,03|0,01,04|0,01,05|0,01,06|1,01,07|1,01,08|0,01,09|0,01,0A|0,01,0B|0,01,0C|0,01,0D|0,01,0E|0,01,0F|0,01,10|0,01,11|0,01,12|1,01,13|0,01,14|1,01,15|0,01,16|0,01,17|0,01,18|0,01,19|0,01,1A|0,01,1B|1,01,1C|1,01,1D|0,01,1E|0,01,1F|0,01,20|0,01,21|
 1       2       4       8       10      20        40      P
 0,01,22|1,01,23|1,01,24|1,01,25|0,01,26|1,01,27  |0,01,28|0,01,29|
 0,01,2A|1,01,2B|1,01,2C|1,01,2D|1,01,2E|0,01,2F|0,01,30|0,01,31|0,01,32|0,01,33|0,01,34|1,01,35|0,01,36|1,01,37|0,01,38|0,01,39|0,01,3A|0,01,3B|M,01,00|

